00000000101001101000000000000101
00000000101001101000010000000010
00000000101001101000100000000011
00000000101001101000110000000010
00000000101001101001000000000010
00000000101001101001010000000000
00000000101001101010100000000010

00000000101010001000000000001010
00000000101010001001110000010111

00000000101000000%s0001000011

00000000101010001000000001001010
00000000101010001010000000011101

00000000101010001000000001101010
00000000101010001001110000100000

00000000101010001000000010001010
00000000101010001010010000100011
00000000101010001010100000100101

00000000101010001010110000000101
00000000101010001010100000001011

00000000101010001010110000000101
00000000101010001010100000001101

00000000101010001010110000101010
00000000101010001010100000010000

00000000101010001010110000000101
00000000101010001010100000010011

00000000101010001010110000000101

00000000101010001010110100000101
00000000101010001010110100100010
00000000101010001010110100100010
